10010110
00110010
00000000
00000000
00000000
00000000
10010110
00110010
11001000
01000000
00000000
00000000
00000000
00000000
11001000
01000000
00000000
00000000
00110111
00110111
00000000
00000000
00000000
00000000
00000000
00000000
00110111
10011011
10011011
00000000
00000000
00000000
00000000
00000000
00000000
10011011
10011011
11001000
00000000
00000000
00000000
00000000
00000000
00000000
00000000
00000000
00001111
00000000
00000000
00000000
00000000
00000000
00000000
01100100
11001000
00000000
00000000
00000000
00000000
00000000
00000000
00000000
00000000
00000000
